*---------------------------------------------------------*
*   Country: Netherlands
*   Station: Wageningen
*      Year: 2020
*    Source: Dep. of Meteorology, Wageningen Agricultural
*            University.
*    Author: Peter Uithol
* Longitude: 77 08 E
*  Latitude: 16 45 N
* Elevation: 7 m.
*  Comments: Location Haarweg.
*
*  Columns:
*  ========
*  station number
*  year
*  day
*  irradiation (kJ m-2 d-1)
*  minimum temperature (degrees Celsius)
*  maximum temperature (degrees Celsius)
*  vapour pressure (kPa)
*  mean wind speed (m s-1)
*  precipitation (mm d-1)
** WCCDESCRIPTION=Netherlands, Wageningen
** WCCFORMAT=2
** WCCYEARNR=2020
*---------------------------------------------------------*
   77.13  16.75     494.  -0.18 -0.55
1	2020	1	5.02	20.2	29.4	2.36	1.11	67.30	0.0
1	2020	2	4.78	22.0	30.6	2.63	1.37	63.25	0.0
1	2020	3	5.08	18.5	29.1	2.12	0.98	67.85	0.0
1	2020	4	4.92	17.0	31.2	1.93	1.17	61.75	0.5
1	2020	5	4.87	18.6	30.4	2.13	1.24	57.95	1.5
1	2020	6	4.85	19.6	28.4	2.27	1.24	65.80	2.0
1	2020	7	4.75	21.2	28.9	2.51	1.11	69.85	1.5
1	2020	8	4.82	20.4	30.4	2.39	1.37	68.35	0.5
1	2020	9	4.94	20.9	29.4	2.46	0.98	66.30	0.0
1	2020	10	5.20	19.8	31.0	2.30	1.17	64.75	0.0
1	2020	11	5.34	19.6	28.9	2.27	1.24	67.95	3.5
1	2020	12	5.41	18.7	28.3	2.15	1.11	64.90	0.0
1	2020	13	5.47	16.1	28.7	1.82	0.98	61.35	0.0
1	2020	14	5.19	17.0	31.8	1.93	1.04	55.00	0.0
1	2020	15	5.19	17.6	32.3	2.00	0.85	51.60	3.0
1	2020	16	5.48	16.7	31.1	1.89	1.17	49.50	2.5
1	2020	17	5.28	17.4	29.9	1.98	1.17	54.45	37.5
1	2020	18	5.51	19.0	30.4	2.19	1.69	56.20	16.0
1	2020	19	5.79	20.6	30.3	2.42	1.24	61.80	1.0
1	2020	20	5.66	19.4	31.5	2.24	1.11	59.40	0.5
1	2020	21	5.56	19.7	32.7	2.29	1.69	57.95	0.0
1	2020	22	5.41	19.5	31.6	2.26	1.17	53.80	37.5
1	2020	23	5.44	19.1	30.7	2.20	1.50	55.90	0.0
1	2020	24	5.55	18.3	32.2	2.09	1.04	54.50	2.0
1	2020	25	5.38	17.1	30.6	1.94	1.37	53.55	2.0
1	2020	26	5.55	17.7	32.5	2.02	0.85	53.50	0.0
1	2020	27	5.52	20.2	32.1	2.36	0.65	48.85	0.0
1	2020	28	5.55	19.9	32.9	2.32	1.37	55.65	0.0
1	2020	29	5.58	18.5	30.4	2.12	1.63	57.60	0.0
1	2020	30	5.05	17.8	32.0	2.03	1.17	50.45	0.0
1	2020	31	5.40	18.1	32.5	2.07	0.85	48.70	0.0
1	2020	32	5.79	18.5	32.7	2.12	1.04	49.60	0.0
1	2020	33	5.76	21.8	32.1	2.60	0.98	48.45	0.0
1	2020	34	5.64	22.1	31.5	2.65	1.50	51.10	0.0
1	2020	35	5.82	21.1	31.6	2.49	1.11	47.45	6.0
1	2020	36	5.59	19.6	31.2	2.27	1.17	46.00	0.0
1	2020	37	5.44	20.7	31.8	2.43	1.30	50.00	0.0
1	2020	38	5.66	19.9	32.6	2.32	1.17	49.30	0.0
1	2020	39	5.80	18.3	30.8	2.09	0.98	53.70	0.0
1	2020	40	5.70	20.0	30.8	2.33	1.04	55.55	0.0
1	2020	41	5.85	19.7	29.9	2.29	1.37	65.35	0.0
1	2020	42	6.25	19.5	30.4	2.26	1.11	62.55	35.5
1	2020	43	6.34	20.0	29.9	2.33	1.11	61.25	0.5
1	2020	44	6.27	19.6	30.3	2.27	1.04	57.75	5.5
1	2020	45	6.29	18.0	31.1	2.06	1.17	52.70	11.5
1	2020	46	6.36	18.5	31.8	2.12	1.17	45.00	4.0
1	2020	47	6.35	18.3	33.2	2.09	0.98	40.65	13.0
1	2020	48	6.24	19.3	33.3	2.23	1.17	43.20	9.0
1	2020	49	6.59	20.2	32.6	2.36	0.98	44.60	6.5
1	2020	50	6.65	20.1	32.6	2.34	1.56	42.90	0.5
1	2020	51	6.54	20.5	33.0	2.40	1.17	47.30	0.0
1	2020	52	6.44	19.5	32.7	2.26	1.24	49.20	0.0
1	2020	53	6.09	19.4	32.2	2.24	1.30	48.20	15.5
1	2020	54	5.94	19.8	32.8	2.30	1.24	46.40	0.0
1	2020	55	5.87	20.3	32.4	2.37	1.17	48.15	10.0
1	2020	56	5.73	22.0	33.9	2.63	1.17	46.30	0.0
1	2020	57	5.99	21.1	32.3	2.49	1.30	47.05	0.0
1	2020	58	6.11	22.7	33.5	2.75	1.24	39.60	56.5
1	2020	59	5.85	21.9	32.4	2.62	1.17	51.20	35.0
1	2020	60	6.16	22.7	32.9	2.75	1.43	50.95	17.5
1	2020	61	6.22	24.5	32.7	3.06	1.04	50.65	0.0
1	2020	62	6.53	20.9	33.3	2.46	1.43	61.15	0.0
1	2020	63	6.67	21.6	32.9	2.57	1.17	56.90	2.5
1	2020	64	6.50	21.4	35.4	2.54	0.78	48.20	3.0
1	2020	65	6.13	19.6	34.7	2.27	1.89	41.85	0.0
1	2020	66	6.01	19.9	32.7	2.32	1.76	54.10	0.0
1	2020	67	6.29	21.1	32.0	2.49	1.43	53.05	0.0
1	2020	68	6.52	22.2	32.8	2.67	0.98	45.15	0.0
1	2020	69	6.83	22.9	34.8	2.78	0.72	50.15	0.0
1	2020	70	6.97	22.8	34.9	2.77	0.91	47.70	0.0
1	2020	71	6.84	22.7	35.3	2.75	2.21	47.50	0.0
1	2020	72	6.98	23.8	34.0	2.94	2.21	47.00	1.0
1	2020	73	6.95	22.9	34.3	2.78	1.04	47.15	25.0
1	2020	74	7.12	22.7	34.6	2.75	1.37	41.05	24.5
1	2020	75	7.12	24.4	35.3	3.05	1.56	41.20	7.5
1	2020	76	6.75	23.9	35.0	2.96	1.17	46.60	8.0
1	2020	77	6.80	25.0	35.0	3.16	1.17	46.90	6.0
1	2020	78	7.31	25.3	36.2	3.21	1.24	41.65	0.0
1	2020	79	7.12	24.0	36.7	2.97	1.24	42.35	0.0
1	2020	80	6.84	24.0	35.8	2.97	1.43	41.05	0.0
1	2020	81	6.82	21.1	36.4	2.49	1.37	25.60	0.0
1	2020	82	6.75	21.3	36.0	2.52	1.76	26.05	0.0
1	2020	83	7.08	22.4	36.1	2.70	1.24	36.10	8.0
1	2020	84	7.33	25.1	36.4	3.18	1.17	45.40	1.5
1	2020	85	7.33	24.9	36.7	3.14	1.37	42.30	0.0
1	2020	86	7.30	24.3	36.2	3.03	1.17	40.60	0.0
1	2020	87	7.15	24.2	36.3	3.01	1.17	39.05	0.0
1	2020	88	7.23	23.5	37.7	2.89	1.43	32.60	0.0
1	2020	89	7.00	23.8	36.5	2.94	1.30	31.95	0.0
1	2020	90	6.85	24.7	37.7	3.10	1.24	36.05	0.0
1	2020	91	6.71	24.3	37.3	3.03	1.17	34.75	0.0
1	2020	92	6.80	24.0	37.6	2.97	1.11	31.55	0.0
1	2020	93	7.00	23.7	39.7	2.92	0.85	33.60	0.0
1	2020	94	6.47	26.3	38.6	3.41	1.04	40.35	0.0
1	2020	95	6.39	28.2	38.3	3.81	1.30	36.20	0.0
1	2020	96	7.17	27.1	37.2	3.58	1.04	36.90	0.0
1	2020	97	7.31	25.9	38.5	3.33	1.63	41.25	0.0
1	2020	98	7.07	25.3	36.9	3.21	1.24	46.80	0.0
1	2020	99	7.61	22.0	36.5	2.63	1.69	56.30	0.0
1	2020	100	7.46	22.6	36.8	2.73	1.30	44.80	0.0
1	2020	101	7.19	23.4	37.4	2.87	1.69	41.90	0.0
1	2020	102	7.24	25.5	37.1	3.25	1.24	36.60	0.0
1	2020	103	7.20	24.3	38.9	3.03	1.11	34.35	0.0
1	2020	104	6.96	26.0	38.2	3.35	1.24	33.75	0.0
1	2020	105	7.07	24.7	39.8	3.10	1.17	34.55	0.0
1	2020	106	7.01	25.4	39.3	3.23	1.11	26.80	0.0
1	2020	107	7.10	26.0	38.6	3.35	1.04	37.35	0.0
1	2020	108	7.16	25.4	39.2	3.23	1.43	40.60	0.0
1	2020	109	7.05	25.9	37.5	3.33	1.43	46.70	0.0
1	2020	110	7.19	22.9	40.2	2.78	1.89	51.00	0.0
1	2020	111	7.10	26.4	36.5	3.43	2.41	44.45	0.0
1	2020	112	7.08	21.6	38.3	2.57	1.76	46.90	0.0
1	2020	113	7.38	25.2	37.7	3.20	2.47	48.85	0.0
1	2020	114	7.43	26.0	38.8	3.35	1.11	43.10	0.0
1	2020	115	7.61	26.8	38.8	3.51	1.04	44.35	0.0
1	2020	116	6.94	24.7	40.2	3.10	1.95	44.20	0.0
1	2020	117	7.38	25.4	38.6	3.23	2.80	37.80	0.0
1	2020	118	7.27	25.1	39.2	3.18	1.24	38.95	0.0
1	2020	119	6.87	25.4	39.3	3.23	1.76	37.70	0.0
1	2020	120	7.04	25.3	39.2	3.21	1.30	42.95	0.0
1	2020	121	6.89	25.1	37.6	3.18	1.11	44.10	6.5
1	2020	122	6.93	26.2	38.9	3.39	2.73	46.65	1.0
1	2020	123	6.86	26.3	38.4	3.41	1.56	64.80	0.0
1	2020	124	7.09	25.8	37.6	3.31	1.50	56.05	0.0
1	2020	125	6.82	25.3	41.6	3.21	1.43	45.20	0.0
1	2020	126	6.90	26.6	39.9	3.47	1.24	46.35	0.0
1	2020	127	6.89	26.7	41.0	3.49	1.63	43.20	0.0
1	2020	128	7.21	26.4	39.5	3.43	1.30	45.35	0.0
1	2020	129	7.00	25.7	39.1	3.29	1.30	50.10	0.0
1	2020	130	7.17	27.8	36.9	3.73	1.24	52.70	0.0
1	2020	131	7.17	27.2	42.2	3.60	1.50	43.15	0.0
1	2020	132	7.37	25.1	37.0	3.18	1.89	48.35	0.0
1	2020	133	7.26	24.0	37.5	2.97	1.82	52.30	0.0
1	2020	134	6.86	27.5	37.4	3.66	0.98	45.10	0.0
1	2020	135	6.76	26.2	38.4	3.39	2.34	43.20	0.0
1	2020	136	6.79	27.1	40.4	3.58	1.30	43.05	0.0
1	2020	137	6.92	24.2	37.8	3.01	2.02	52.75	0.0
1	2020	138	7.47	27.5	38.4	3.66	1.50	73.00	0.0
1	2020	139	7.70	24.1	38.1	2.99	1.69	57.10	0.0
1	2020	140	7.69	25.7	38.1	3.29	2.02	48.50	0.0
1	2020	141	7.70	25.1	38.8	3.18	2.60	45.35	0.0
1	2020	142	7.35	25.3	39.7	3.21	1.95	41.80	0.0
1	2020	143	7.06	25.3	40.5	3.21	1.69	44.10	0.0
1	2020	144	7.21	26.2	41.5	3.39	2.15	42.55	0.0
1	2020	145	7.33	26.2	41.6	3.39	3.19	39.95	0.0
1	2020	146	7.61	27.1	41.5	3.58	2.54	41.40	0.0
1	2020	147	7.67	24.1	40.7	2.99	1.89	52.50	0.0
1	2020	148	7.25	27.2	40.9	3.60	2.08	51.90	0.0
1	2020	149	6.80	25.7	41.0	3.29	2.34	40.95	0.0
1	2020	150	6.79	28.3	40.2	3.84	2.80	46.05	0.0
1	2020	151	7.45	25.9	39.5	3.33	1.63	46.90	0.0
1	2020	152	7.35	25.2	38.1	3.20	1.82	49.00	0.0
1	2020	153	7.16	23.3	38.8	2.85	1.69	57.35	0.0
1	2020	154	7.45	23.7	33.8	2.92	1.24	67.40	0.0
1	2020	155	7.36	24.3	32.4	3.03	1.37	65.65	0.0
1	2020	156	7.37	23.9	32.1	2.96	2.08	62.85	0.0
1	2020	157	7.24	23.7	34.0	2.92	1.76	60.95	0.0
1	2020	158	7.45	24.5	35.7	3.06	2.02	54.20	0.0
1	2020	159	7.00	24.7	36.8	3.10	1.76	53.30	0.0
1	2020	160	6.41	24.7	34.5	3.10	1.76	56.10	0.0
1	2020	161	6.40	24.6	36.0	3.08	2.15	54.35	0.5
1	2020	162	7.14	25.5	36.3	3.25	1.82	54.10	0.0
1	2020	163	7.20	23.1	37.4	2.82	2.15	61.05	0.0
1	2020	164	7.28	23.6	31.1	2.90	1.82	73.85	0.0
1	2020	165	7.18	23.5	30.2	2.89	3.58	69.85	0.0
1	2020	166	7.30	23.2	31.9	2.83	1.95	69.10	0.0
1	2020	167	7.27	24.5	34.8	3.06	1.69	61.20	0.0
1	2020	168	7.39	27.1	34.6	3.58	1.69	77.55	0.0
1	2020	169	7.02	25.5	32.3	3.25	2.02	76.95	0.0
1	2020	170	7.16	25.5	32.7	3.25	1.76	91.00	0.0
1	2020	171	7.18	23.5	29.9	2.89	1.69	88.90	0.0
1	2020	172	7.27	23.7	34.5	2.92	2.34	79.70	0.0
1	2020	173	7.41	24.2	33.6	3.01	2.08	77.30	0.0
1	2020	174	7.37	24.6	32.7	3.08	1.56	76.45	0.0
1	2020	175	7.21	24.5	33.6	3.06	2.73	76.25	0.0
1	2020	176	7.22	24.4	34.8	3.05	2.60	74.05	0.0
1	2020	177	7.32	24.8	35.7	3.12	1.82	55.90	0.0
1	2020	178	7.12	23.5	35.9	2.89	1.63	62.65	0.0
1	2020	179	7.08	24.5	34.2	3.06	1.37	64.60	0.0
1	2020	180	7.22	24.9	34.7	3.14	1.24	64.05	0.0
1	2020	181	7.27	23.1	33.7	2.82	1.69	69.50	0.0
1	2020	182	7.19	24.4	31.8	3.05	2.34	73.65	0.0
1	2020	183	7.02	23.7	33.2	2.92	1.24	67.50	0.0
1	2020	184	7.26	24.5	35.3	3.06	1.76	61.00	0.0
1	2020	185	7.05	24.6	34.2	3.08	1.89	63.15	0.0
1	2020	186	7.17	24.6	31.4	3.08	3.38	65.30	0.0
1	2020	187	7.29	23.1	31.7	2.82	2.54	70.10	0.0
1	2020	188	7.13	24.5	33.0	3.06	2.15	66.55	0.0
1	2020	189	7.09	24.8	30.9	3.12	1.63	68.35	0.0
1	2020	190	7.09	22.9	31.6	2.78	1.50	73.80	0.0
1	2020	191	7.22	23.6	32.1	2.90	2.99	73.65	0.0
1	2020	192	7.06	23.5	30.5	2.89	1.63	75.05	0.0
1	2020	193	7.07	22.7	30.8	2.75	1.56	73.60	0.0
1	2020	194	6.98	24.2	34.0	3.01	1.82	63.85	0.0
1	2020	195	7.13	23.1	32.3	2.82	1.82	69.70	0.0
1	2020	196	7.20	22.8	33.7	2.77	1.95	68.40	0.0
1	2020	197	6.98	23.1	31.5	2.82	2.15	72.65	0.0
1	2020	198	6.98	21.9	26.1	2.62	1.30	86.70	0.0
1	2020	199	7.03	22.5	25.6	2.72	1.30	85.75	0.0
1	2020	200	7.29	22.7	30.0	2.75	1.43	74.95	0.0
1	2020	201	7.18	23.7	32.1	2.92	1.17	70.85	0.0
1	2020	202	7.06	24.1	32.5	2.99	2.54	70.40	0.0
1	2020	203	7.11	23.7	30.9	2.92	1.69	73.85	0.0
1	2020	204	7.03	23.4	33.0	2.87	0.98	70.55	0.0
1	2020	205	7.32	24.3	32.9	3.03	1.11	71.55	0.0
1	2020	206	7.26	24.0	27.4	2.97	1.89	82.50	0.0
1	2020	207	7.00	22.8	31.0	2.77	1.37	74.85	0.0
1	2020	208	7.12	22.6	28.6	2.73	0.98	81.85	0.0
1	2020	209	7.05	22.2	31.2	2.67	1.37	71.95	0.0
1	2020	210	7.31	23.4	33.4	2.87	1.56	67.35	0.0
1	2020	211	7.20	23.4	32.5	2.87	2.54	73.45	0.0
1	2020	212	7.31	23.6	32.5	2.90	1.11	73.95	0.0
1	2020	213	7.29	24.3	32.9	3.03	1.37	72.00	0.0
1	2020	214	7.16	23.4	33.2	2.87	1.37	68.35	0.0
1	2020	215	7.06	23.9	33.8	2.96	1.24	67.80	0.0
1	2020	216	7.08	24.0	32.9	2.97	2.02	68.05	0.0
1	2020	217	6.88	23.8	30.0	2.94	1.50	73.35	0.0
1	2020	218	6.96	23.3	29.5	2.85	2.21	77.40	0.0
1	2020	219	6.75	24.2	27.3	3.01	1.63	83.45	0.0
1	2020	220	6.67	24.2	31.5	3.01	2.21	72.65	0.0
1	2020	221	7.02	23.3	31.8	2.85	1.69	74.35	0.0
1	2020	222	6.91	23.3	30.8	2.85	2.73	73.15	0.0
1	2020	223	6.95	22.5	31.0	2.72	2.28	74.40	0.0
1	2020	224	6.74	22.8	27.8	2.77	3.38	79.70	0.0
1	2020	225	6.85	24.5	31.9	3.06	1.50	67.30	0.0
1	2020	226	6.81	23.2	30.0	2.83	1.76	72.15	0.0
1	2020	227	6.81	21.7	27.8	2.59	0.98	83.35	0.0
1	2020	228	6.94	22.2	28.0	2.67	1.50	79.65	0.0
1	2020	229	7.10	21.8	28.3	2.60	1.76	83.05	0.0
1	2020	230	6.84	21.8	24.1	2.60	1.17	95.55	0.0
1	2020	231	6.95	22.5	28.5	2.72	1.43	82.40	0.0
1	2020	232	6.88	22.8	30.7	2.77	1.50	75.55	0.0
1	2020	233	6.94	22.7	31.6	2.75	1.82	74.45	0.0
1	2020	234	6.85	22.0	29.4	2.63	1.37	78.75	0.0
1	2020	235	6.88	22.4	28.7	2.70	1.63	81.25	0.0
1	2020	236	6.79	23.3	29.9	2.85	1.50	76.75	0.0
1	2020	237	6.86	22.3	31.0	2.68	1.76	76.90	0.0
1	2020	238	6.66	22.0	31.3	2.63	1.37	75.85	0.0
1	2020	239	6.57	22.3	32.1	2.68	1.24	72.35	0.0
1	2020	240	7.08	23.1	31.2	2.82	1.17	70.50	0.0
1	2020	241	7.10	22.2	31.4	2.67	1.37	69.80	1.5
1	2020	242	6.83	22.4	31.0	2.70	1.95	71.65	0.0
1	2020	243	6.73	22.5	30.6	2.72	1.43	74.00	0.0
1	2020	244	6.75	22.4	31.9	2.70	1.37	71.60	0.0
1	2020	245	7.06	22.0	32.4	2.63	1.63	68.30	0.0
1	2020	246	6.96	24.0	32.7	2.97	1.69	65.45	0.0
1	2020	247	6.98	22.8	30.5	2.77	1.50	75.85	0.0
1	2020	248	6.96	24.3	31.8	3.03	0.85	73.35	0.0
1	2020	249	6.87	24.4	34.7	3.05	1.11	67.00	0.0
1	2020	250	6.91	25.1	32.9	3.18	0.85	67.60	0.0
1	2020	251	6.91	24.8	33.6	3.12	1.11	65.85	0.0
1	2020	252	6.56	24.2	33.6	3.01	1.11	66.05	0.0
1	2020	253	6.45	23.4	33.6	2.87	0.98	73.80	0.0
1	2020	254	6.80	23.3	33.0	2.85	1.04	75.85	0.0
1	2020	255	6.63	23.8	31.3	2.94	1.04	75.40	0.0
1	2020	256	6.60	23.0	31.4	2.80	1.11	74.90	0.0
1	2020	257	6.71	22.2	30.2	2.67	1.37	79.45	0.0
1	2020	258	6.70	22.1	27.5	2.65	0.98	84.70	0.0
1	2020	259	6.58	22.3	27.0	2.68	1.76	85.25	0.0
1	2020	260	6.57	23.0	30.1	2.80	1.43	81.35	0.0
1	2020	261	6.03	22.6	28.5	2.73	2.80	84.85	0.0
1	2020	262	6.51	23.5	30.1	2.89	2.08	81.65	0.0
1	2020	263	6.41	23.0	29.8	2.80	1.04	79.50	0.0
1	2020	264	6.55	22.6	28.9	2.73	0.91	81.30	0.0
1	2020	265	6.53	22.8	29.9	2.77	1.17	79.35	0.0
1	2020	266	6.50	22.5	28.7	2.72	1.56	81.75	0.0
1	2020	267	5.95	22.7	30.1	2.75	1.30	78.75	0.0
1	2020	268	6.28	21.7	30.0	2.59	2.15	77.80	0.0
1	2020	269	6.34	23.7	30.9	2.92	1.50	75.85	0.0
1	2020	270	5.98	21.0	32.2	2.48	1.30	74.20	0.0
1	2020	271	5.98	21.1	24.2	2.49	1.11	93.80	0.0
1	2020	272	5.79	22.2	27.9	2.67	0.72	92.10	0.5
1	2020	273	6.13	22.3	30.1	2.68	0.33	78.35	0.0
1	2020	274	5.99	22.4	30.9	2.70	1.89	75.90	0.0
1	2020	275	6.05	22.2	30.8	2.67	2.02	74.70	0.0
1	2020	276	6.07	21.9	28.5	2.62	1.11	74.90	0.0
1	2020	277	6.15	23.5	32.9	2.89	0.72	72.35	0.0
1	2020	278	5.72	23.6	33.2	2.90	2.08	74.15	0.0
1	2020	279	5.75	22.3	31.8	2.68	1.63	74.35	0.0
1	2020	280	5.73	21.7	30.8	2.59	2.02	72.90	0.0
1	2020	281	5.90	23.7	34.3	2.92	1.11	68.85	0.0
1	2020	282	5.70	21.0	34.2	2.48	1.63	66.65	0.0
1	2020	283	6.16	22.1	32.2	2.65	0.39	71.30	0.0
1	2020	284	6.16	22.2	33.3	2.67	0.91	71.40	0.0
1	2020	285	5.81	21.6	34.0	2.57	1.17	77.15	0.0
1	2020	286	5.92	22.2	28.2	2.67	0.98	83.95	1.5
1	2020	287	6.07	21.7	29.6	2.59	0.78	79.15	0.0
1	2020	288	5.97	21.7	28.6	2.59	1.43	82.75	2.5
1	2020	289	5.87	21.9	24.6	2.62	1.76	89.30	0.0
1	2020	290	5.95	22.1	29.2	2.65	1.30	76.45	6.0
1	2020	291	5.39	21.0	28.2	2.48	0.98	79.75	0.0
1	2020	292	5.30	21.9	30.5	2.62	0.98	72.05	0.0
1	2020	293	5.27	23.5	34.4	2.89	1.17	72.55	4.0
1	2020	294	5.19	22.5	34.8	2.72	0.91	77.40	17.0
1	2020	295	5.28	21.0	32.8	2.48	1.50	83.50	0.0
1	2020	296	5.45	22.2	32.6	2.67	1.17	82.95	5.0
1	2020	297	5.53	21.7	34.2	2.59	0.26	76.10	1.0
1	2020	298	5.68	22.5	34.2	2.72	0.39	73.85	10.5
1	2020	299	5.64	21.8	33.7	2.60	0.65	71.55	0.0
1	2020	300	5.28	22.0	31.3	2.63	0.59	69.75	0.0
1	2020	301	5.28	18.6	33.0	2.13	0.39	69.80	0.0
1	2020	302	5.29	20.4	32.9	2.39	0.59	65.55	0.0
1	2020	303	5.56	21.1	32.8	2.49	0.52	63.75	0.0
1	2020	304	5.60	21.0	33.1	2.48	0.98	62.30	0.0
1	2020	305	5.25	20.3	33.5	2.37	0.59	65.30	0.0
1	2020	306	5.22	18.3	32.8	2.09	0.72	64.85	0.0
1	2020	307	5.26	17.7	34.4	2.02	0.65	60.80	0.0
1	2020	308	5.14	18.5	33.6	2.12	0.78	57.30	11.0
1	2020	309	4.94	17.9	33.5	2.04	1.11	57.35	0.0
1	2020	310	5.08	14.6	33.1	1.65	0.78	59.60	5.5
1	2020	311	5.60	14.5	33.0	1.64	0.98	54.15	17.5
1	2020	312	5.66	19.6	32.8	2.27	0.91	62.90	0.0
1	2020	313	5.90	20.5	32.1	2.40	0.78	70.75	0.0
1	2020	314	5.69	16.6	33.2	1.88	0.98	68.65	0.0
1	2020	315	5.57	14.5	32.4	1.64	1.69	57.75	0.0
1	2020	316	5.80	11.3	31.1	1.33	1.04	51.20	0.0
1	2020	317	5.63	15.4	29.9	1.74	0.98	53.25	0.0
1	2020	318	5.44	21.5	29.1	2.56	1.24	73.80	0.0
1	2020	319	5.53	20.3	31.2	2.37	0.91	74.70	0.0
1	2020	320	5.46	19.5	31.2	2.26	1.04	64.35	0.0
1	2020	321	5.56	20.9	31.1	2.46	0.98	64.80	0.5
1	2020	322	5.73	21.5	29.5	2.56	1.11	75.50	2.0
1	2020	323	5.68	21.3	31.1	2.52	1.11	71.10	0.0
1	2020	324	5.36	22.2	31.3	2.67	0.91	69.20	2.5
1	2020	325	4.81	18.5	32.8	2.12	1.17	68.65	0.0
1	2020	326	5.01	18.8	32.3	2.16	0.85	56.15	0.0
1	2020	327	5.09	18.2	32.1	2.08	0.78	53.10	0.0
1	2020	328	5.00	20.6	31.1	2.42	0.78	61.65	0.0
1	2020	329	5.10	17.9	29.5	2.04	0.91	70.25	0.0
1	2020	330	4.73	14.9	29.8	1.69	0.91	61.80	1.0
1	2020	331	5.09	19.9	30.6	2.32	1.04	57.40	13.5
1	2020	332	5.20	19.1	26.8	2.20	1.04	74.20	50.5
1	2020	333	5.25	18.3	23.9	2.09	2.15	83.95	14.0
1	2020	334	5.36	19.0	23.1	2.19	1.04	92.45	0.0
1	2020	335	5.30	19.4	28.6	2.24	0.65	82.80	0.0
1	2020	336	5.35	18.7	30.1	2.15	1.11	73.35	0.0
1	2020	337	5.25	15.9	28.7	1.80	0.98	69.95	3.5
1	2020	338	5.31	15.8	30.0	1.79	0.98	62.75	0.0
1	2020	339	5.21	18.5	30.9	2.12	0.65	66.20	0.0
1	2020	340	5.30	17.0	32.0	1.93	1.17	63.80	24.0
1	2020	341	5.24	15.6	31.6	1.76	1.04	58.40	0.0
1	2020	342	5.30	18.2	30.5	2.08	1.17	60.30	0.0
1	2020	343	5.27	20.0	32.4	2.33	1.24	63.35	5.0
1	2020	344	5.14	20.3	32.6	2.37	1.04	67.20	3.5
1	2020	345	5.15	18.1	32.5	2.07	0.78	60.35	0.0
1	2020	346	5.19	16.3	32.1	1.85	1.04	56.45	0.0
1	2020	347	5.08	15.9	32.8	1.80	1.04	57.15	0.0
1	2020	348	4.87	15.0	31.5	1.70	0.85	57.35	0.0
1	2020	349	4.94	16.1	29.4	1.82	0.98	59.60	2.5
1	2020	350	4.79	16.3	32.4	1.85	1.04	61.75	12.5
1	2020	351	4.21	16.3	31.1	1.85	0.72	58.10	1.0
1	2020	352	4.81	17.9	31.3	2.04	0.65	63.45	0.0
1	2020	353	5.29	17.7	31.2	2.02	0.39	63.30	22.5
1	2020	354	5.35	17.8	32.1	2.03	0.59	62.05	44.0
1	2020	355	5.11	15.6	30.6	1.76	0.52	59.65	0.0
1	2020	356	4.96	14.3	30.0	1.62	0.52	58.05	3.5
1	2020	357	4.73	12.2	29.8	1.41	0.26	55.85	10.0
1	2020	358	4.35	12.2	29.6	1.41	0.33	55.55	0.0
1	2020	359	4.76	14.1	30.1	1.60	0.26	57.50	0.0
1	2020	360	4.64	16.4	31.4	1.86	0.33	58.80	0.0
1	2020	361	4.63	15.5	30.4	1.75	0.33	61.20	0.0
1	2020	362	4.41	15.7	30.5	1.78	0.33	60.35	0.0
1	2020	363	4.68	16.5	31.7	1.87	0.07	61.90	0.0
1	2020	364	4.58	16.8	31.7	1.91	0.59	58.85	0.0
1	2020	365	4.76	17.0	31.5	1.93	1.50	57.15	1.5
1	2020	366	4.96	19.5	30.5	2.26	0.07	62.20	2.0

